N,NE,E,SE,S,SW,W,NW
XAVGS: 0.19751551331765949,-0.22899553868919612,-0.7313912316793576,-0.9861856272770091,-0.7522470602300018,-0.23131325233634562,0.1625670365942642,0.48013525854423644,
YAVGS: -0.34242206141073256,-0.5748586311973631,-0.41871031730808317,0.01169962955918163,0.5203429668080062,0.8107884480031207,0.6222258817348629,0.02434720891714096,